2021212039	融小之	1	1
2021212040	璩含景	10	10
2021212041	古珠佩	19	19
2021212042	邴尔曼	28	28
2021212043	江春枫	37	37
2021212044	万婧宁	46	46
2021212045	欧莉娜	55	55
2021212046	韶盼丹	64	64
2021212047	禄优瑗	73	73
2021212048	陈倩冰	82	82
2021212049	习念念	91	91
2021212050	瞿佳艳	100	100
2021212051	居湛恩	109	109
2021212052	晏惜雪	118	118
2021212053	赖听莲	127	127
2021212054	罗莹琇	136	136
2021212055	空湘云	145	145
2021212056	惠竹雨	154	154
2021212057	关丝微	163	163
2021212058	宋宁夏	172	172
2021212059	储美偲	181	181
2021212060	邰翠岚	190	190
2021212061	乜偲偲	199	199
2021212062	汲文姝	208	208
2021212063	沈妙竹	217	217
2021212064	鱼莹琇	226	226
2021212065	储香萱	235	235
2021212066	逯傲霜	244	244
2021212067	符觅海	253	253
2021212068	贡嘉洁	262	262
2021212069	沈和煦	271	271
2021212070	曾贤淑	280	280
2021212071	耿阳兰	289	289
2021212072	何冰莹	298	298
2021212073	张凉音	307	307
2021212074	傅立婷	316	316
2021212075	赵芷文	325	325
2021212076	邴冰蝶	334	334
2021212077	魏秋月	343	343
2021212078	康倩丽	352	352
2021212079	聂智美	361	361
2021212080	黎寻巧	370	370
2021212081	空亦寒	379	379
2021212082	卓莹洁	388	388
2021212083	敖海萍	397	397
2021212084	吕富霞	406	406
2021212085	宿幻天	415	415
2021212086	暴秀婉	424	424
2021212087	鄂飞兰	433	433
2021212088	羿白柏	442	442
2021212089	宋嘉玉	451	451
2021212090	曹秀妮	460	460
2021212091	冯小凝	469	469
2021212092	蔡晨旭	478	478
2021212093	璩晴丽	487	487
2021212094	侯燕舞	496	496
2021212095	陈音韵	505	505
2021212096	黄向梦	514	514
2021212097	沃曼青	523	523
2021212098	郭寒蕾	532	532
2021212099	巴哲美	541	541
2021212100	桓雅山	550	550
2021212101	屠优扬	559	559
2021212102	贺会雯	568	568
2021212103	温依珊	577	577
2021212104	公采薇	586	586
2021212105	冀仙韵	595	595
2021212106	曹怡嘉	604	604
2021212107	扶牧歌	613	613
2021212108	訾念蕾	622	622
2021212109	关婵娟	631	631
2021212110	康子怡	640	640
2021212111	辛津文	649	649
2021212112	庄娅彤	658	658
2021212113	浦情韵	667	667
2021212114	蒙丹南	676	676
2021212115	田友蕊	685	685
2021212116	靳迎松	694	694
2021212117	吕笑柳	703	703
2021212118	逯欣彤	712	712
2021212119	宿思若	721	721
2021212120	劳陶然	730	730
2021212121	牧丽文	739	739
2021212122	甄乐怡	748	748
2021212123	公静晨	757	757
2021212124	郏飞雪	766	766
2021212125	阙元冬	775	775
2021212126	毋丝娜	784	784
2021212127	钟月玲	793	793
2021212128	申寻凝	802	802
2021212129	伊优乐	811	811
2021212130	周嘉丽	820	820
2021212131	廖菲菲	829	829
2021212132	苏笛韵	838	838
2021212133	糜妍歌	847	847
2021212134	胡醉蝶	856	856
2021212135	惠闲静	865	865
2021212136	万曼云	874	874
2021212137	富冬亦	883	883
2021212138	巴芷蕾	892	892